function [ YearlyLoadCurve ] = YearlyLoadCurve(  )
%YEARLYLOADCURVE Summary of this function goes here
%   Detailed explanation goes here

YearlyLoadCurve = ...
[
0.5371122
0.5050458
0.480996
0.4729794
0.4729794
0.480996
0.5932284
0.6894276
0.761577
0.7695936
0.7695936
0.761577
0.761577
0.761577
0.7455438
0.7535604
0.7936434
0.80166
0.80166
0.7695936
0.7295106
0.6653778
0.5852118
0.5050458
0.57754
0.54306
0.5172
0.50858
0.50858
0.5172
0.63788
0.74132
0.8189
0.82752
0.82752
0.8189
0.8189
0.8189
0.80166
0.81028
0.85338
0.862
0.862
0.82752
0.78442
0.71546
0.62926
0.54306
0.5659892
0.5321988
0.506856
0.4984084
0.4984084
0.506856
0.6251224
0.7264936
0.802522
0.8109696
0.8109696
0.802522
0.802522
0.802522
0.7856268
0.7940744
0.8363124
0.84476
0.84476
0.8109696
0.7687316
0.7011508
0.6166748
0.5321988
0.5544384
0.5213376
0.496512
0.4882368
0.4882368
0.496512
0.6123648
0.7116672
0.786144
0.7944192
0.7944192
0.786144
0.786144
0.786144
0.7695936
0.7778688
0.8192448
0.82752
0.82752
0.7944192
0.7530432
0.6868416
0.6040896
0.5213376
0.5428876
0.5104764
0.486168
0.4780652
0.4780652
0.486168
0.5996072
0.6968408
0.769766
0.7778688
0.7778688
0.769766
0.769766
0.769766
0.7535604
0.7616632
0.8021772
0.81028
0.81028
0.7778688
0.7373548
0.6725324
0.5915044
0.5104764
0.5177172
0.4778928
0.4513432
0.4380684
0.4247936
0.431431
0.4380684
0.464618
0.530992
0.5840912
0.597366
0.6040034
0.597366
0.5840912
0.5774538
0.5774538
0.6040034
0.66374
0.6571026
0.6438278
0.6239156
0.6106408
0.5774538
0.4778928
0.50427
0.46548
0.43962
0.42669
0.41376
0.420225
0.42669
0.45255
0.5172
0.56892
0.58185
0.588315
0.58185
0.56892
0.562455
0.562455
0.588315
0.6465
0.640035
0.627105
0.60771
0.59478
0.562455
0.46548
0.56079
0.52731
0.5022
0.49383
0.49383
0.5022
0.61938
0.71982
0.79515
0.80352
0.80352
0.79515
0.79515
0.79515
0.77841
0.78678
0.82863
0.837
0.837
0.80352
0.76167
0.69471
0.61101
0.52731
0.603
0.567
0.54
0.531
0.531
0.54
0.666
0.774
0.855
0.864
0.864
0.855
0.855
0.855
0.837
0.846
0.891
0.9
0.9
0.864
0.819
0.747
0.657
0.567
0.59094
0.55566
0.5292
0.52038
0.52038
0.5292
0.65268
0.75852
0.8379
0.84672
0.84672
0.8379
0.8379
0.8379
0.82026
0.82908
0.87318
0.882
0.882
0.84672
0.80262
0.73206
0.64386
0.55566
0.57888
0.54432
0.5184
0.50976
0.50976
0.5184
0.63936
0.74304
0.8208
0.82944
0.82944
0.8208
0.8208
0.8208
0.80352
0.81216
0.85536
0.864
0.864
0.82944
0.78624
0.71712
0.63072
0.54432
0.56682
0.53298
0.5076
0.49914
0.49914
0.5076
0.62604
0.72756
0.8037
0.81216
0.81216
0.8037
0.8037
0.8037
0.78678
0.79524
0.83754
0.846
0.846
0.81216
0.76986
0.70218
0.61758
0.53298
0.54054
0.49896
0.47124
0.45738
0.44352
0.45045
0.45738
0.4851
0.5544
0.60984
0.6237
0.63063
0.6237
0.60984
0.60291
0.60291
0.63063
0.693
0.68607
0.67221
0.65142
0.63756
0.60291
0.49896
0.5265
0.486
0.459
0.4455
0.432
0.43875
0.4455
0.4725
0.54
0.594
0.6075
0.61425
0.6075
0.594
0.58725
0.58725
0.61425
0.675
0.66825
0.65475
0.6345
0.621
0.58725
0.486
0.5470818
0.5144202
0.489924
0.4817586
0.4817586
0.489924
0.6042396
0.7022244
0.775713
0.7838784
0.7838784
0.775713
0.775713
0.775713
0.7593822
0.7675476
0.8083746
0.81654
0.81654
0.7838784
0.7430514
0.6777282
0.5960742
0.5144202
0.58826
0.55314
0.5268
0.51802
0.51802
0.5268
0.64972
0.75508
0.8341
0.84288
0.84288
0.8341
0.8341
0.8341
0.81654
0.82532
0.86922
0.878
0.878
0.84288
0.79898
0.72874
0.64094
0.55314
0.5764948
0.5420772
0.516264
0.5076596
0.5076596
0.516264
0.6367256
0.7399784
0.817418
0.8260224
0.8260224
0.817418
0.817418
0.817418
0.8002092
0.8088136
0.8518356
0.86044
0.86044
0.8260224
0.7830004
0.7141652
0.6281212
0.5420772
0.5647296
0.5310144
0.505728
0.4972992
0.4972992
0.505728
0.6237312
0.7248768
0.800736
0.8091648
0.8091648
0.800736
0.800736
0.800736
0.7838784
0.7923072
0.8344512
0.84288
0.84288
0.8091648
0.7670208
0.6995904
0.6153024
0.5310144
0.5529644
0.5199516
0.495192
0.4869388
0.4869388
0.495192
0.6107368
0.7097752
0.784054
0.7923072
0.7923072
0.784054
0.784054
0.784054
0.7675476
0.7758008
0.8170668
0.82532
0.82532
0.7923072
0.7510412
0.6850156
0.6024836
0.5199516
0.5273268
0.4867632
0.4597208
0.4461996
0.4326784
0.439439
0.4461996
0.473242
0.540848
0.5949328
0.608454
0.6152146
0.608454
0.5949328
0.5881722
0.5881722
0.6152146
0.67606
0.6692994
0.6557782
0.6354964
0.6219752
0.5881722
0.4867632
0.51363
0.47412
0.44778
0.43461
0.42144
0.428025
0.43461
0.46095
0.5268
0.57948
0.59265
0.599235
0.59265
0.57948
0.572895
0.572895
0.599235
0.6585
0.651915
0.638745
0.61899
0.60582
0.572895
0.47412
0.5196654
0.4886406
0.465372
0.4576158
0.4576158
0.465372
0.5739588
0.6670332
0.736839
0.7445952
0.7445952
0.736839
0.736839
0.736839
0.7213266
0.7290828
0.7678638
0.77562
0.77562
0.7445952
0.7058142
0.6437646
0.5662026
0.4886406
0.55878
0.52542
0.5004
0.49206
0.49206
0.5004
0.61716
0.71724
0.7923
0.80064
0.80064
0.7923
0.7923
0.7923
0.77562
0.78396
0.82566
0.834
0.834
0.80064
0.75894
0.69222
0.60882
0.52542
0.5476044
0.5149116
0.490392
0.4822188
0.4822188
0.490392
0.6048168
0.7028952
0.776454
0.7846272
0.7846272
0.776454
0.776454
0.776454
0.7601076
0.7682808
0.8091468
0.81732
0.81732
0.7846272
0.7437612
0.6783756
0.5966436
0.5149116
0.5364288
0.5044032
0.480384
0.4723776
0.4723776
0.480384
0.5924736
0.6885504
0.760608
0.7686144
0.7686144
0.760608
0.760608
0.760608
0.7445952
0.7526016
0.7926336
0.80064
0.80064
0.7686144
0.7285824
0.6645312
0.5844672
0.5044032
0.5252532
0.4938948
0.470376
0.4625364
0.4625364
0.470376
0.5801304
0.6742056
0.744762
0.7526016
0.7526016
0.744762
0.744762
0.744762
0.7290828
0.7369224
0.7761204
0.78396
0.78396
0.7526016
0.7134036
0.6506868
0.5722908
0.4938948
0.5009004
0.4623696
0.4366824
0.4238388
0.4109952
0.417417
0.4238388
0.449526
0.513744
0.5651184
0.577962
0.5843838
0.577962
0.5651184
0.5586966
0.5586966
0.5843838
0.64218
0.6357582
0.6229146
0.6036492
0.5908056
0.5586966
0.4623696
0.48789
0.45036
0.42534
0.41283
0.40032
0.406575
0.41283
0.43785
0.5004
0.55044
0.56295
0.569205
0.56295
0.55044
0.544185
0.544185
0.569205
0.6255
0.619245
0.606735
0.58797
0.57546
0.544185
0.45036
0.548328
0.515592
0.49104
0.482856
0.482856
0.49104
0.605616
0.703824
0.77748
0.785664
0.785664
0.77748
0.77748
0.77748
0.761112
0.769296
0.810216
0.8184
0.8184
0.785664
0.744744
0.679272
0.597432
0.515592
0.5896
0.5544
0.528
0.5192
0.5192
0.528
0.6512
0.7568
0.836
0.8448
0.8448
0.836
0.836
0.836
0.8184
0.8272
0.8712
0.88
0.88
0.8448
0.8008
0.7304
0.6424
0.5544
0.577808
0.543312
0.51744
0.508816
0.508816
0.51744
0.638176
0.741664
0.81928
0.827904
0.827904
0.81928
0.81928
0.81928
0.802032
0.810656
0.853776
0.8624
0.8624
0.827904
0.784784
0.715792
0.629552
0.543312
0.566016
0.532224
0.50688
0.498432
0.498432
0.50688
0.625152
0.726528
0.80256
0.811008
0.811008
0.80256
0.80256
0.80256
0.785664
0.794112
0.836352
0.8448
0.8448
0.811008
0.768768
0.701184
0.616704
0.532224
0.554224
0.521136
0.49632
0.488048
0.488048
0.49632
0.612128
0.711392
0.78584
0.794112
0.794112
0.78584
0.78584
0.78584
0.769296
0.777568
0.818928
0.8272
0.8272
0.794112
0.752752
0.686576
0.603856
0.521136
0.528528
0.487872
0.460768
0.447216
0.433664
0.44044
0.447216
0.47432
0.54208
0.596288
0.60984
0.616616
0.60984
0.596288
0.589512
0.589512
0.616616
0.6776
0.670824
0.657272
0.636944
0.623392
0.589512
0.487872
